7
3
10
0.000887967 0.0104261 6.0449e-05 5.1813e-05 
0.000217978 0.00138796 8.4244e-05 6.902e-05 
0.000192513 0.000669756 6.3641e-05 5.4005e-05 
30
0.00217671 0.00266819 0.000582837 0.000334527 
0.00216379 0.00638007 0.000595562 0.000350242 
0.00509542 0.00276237 0.000581515 0.000334179 
100
0.032208 0.0328116 0.00825591 0.00343802 
0.0285277 0.0307857 0.00825218 0.00379662 
0.0301876 0.0361246 0.00839346 0.00349089 
300
0.0921001 0.0811608 0.0294957 0.013934 
0.0961656 0.109317 0.0295639 0.0137215 
0.0967707 0.0828748 0.0298205 0.0133263 
1000
0.431737 0.291595 0.112473 0.0431723 
0.430797 0.295545 0.113679 0.0427939 
0.431706 0.29702 0.112384 0.0420969 
3000
1.74599 1.01851 0.387595 0.125484 
1.75558 1.02459 0.389003 0.126277 
1.79306 1.06714 0.396433 0.125594 
10000
7.74761 4.09407 1.44919 0.421678 
7.8911 4.12547 1.47141 0.422209 
7.97472 4.10648 1.47239 0.424496 
