7
10
10
0.00368915 0.0336181 8.1504e-05 
0.0087783 0.0142429 6.2668e-05 
0.00148635 0.017791 6.1185e-05 
0.00233715 0.00666904 5.9362e-05 
0.00102803 0.0230052 7.8956e-05 
0.00285111 0.0255296 7.4729e-05 
0.00106931 0.0102894 5.9258e-05 
0.00112217 0.0220593 0.000105474 
0.00141704 0.032422 6.6907e-05 
0.00121165 0.0287986 8.065e-05 
30
0.0186085 0.0825917 0.000594096 
0.0224243 0.101563 0.000602742 
0.0229711 0.0839726 0.000791532 
0.0201433 0.107433 0.000609788 
0.013484 0.0681608 0.000787141 
0.0122435 0.0598113 0.000610986 
0.021992 0.0996863 0.000602252 
0.024068 0.0887012 0.000640467 
0.0188835 0.104285 0.000603763 
0.0236395 0.0885941 0.000813155 
100
0.183293 0.834657 0.0083979 
0.175034 0.71808 0.00856042 
0.186249 0.685616 0.0164477 
0.173405 0.704488 0.00893049 
0.175996 0.685858 0.00855712 
0.173501 0.627357 0.0110007 
0.161636 0.666479 0.00862431 
0.17723 0.626395 0.0175164 
0.16656 0.763112 0.00849987 
0.179666 0.634823 0.00916856 
300
0.591703 2.48378 0.035876 
0.595201 2.49016 0.0278397 
0.579425 2.30571 0.0395352 
